FEIL: 6740577.87294761 260990.299875769 Skilt: 520 - Sykkelveg, vegreferanse FV1101 m4954
FEIL: 6740303.33516449 260840.647746374 Skilt: 520 - Sykkelveg, vegreferanse FV1101 m4641
