FEIL: 6610837.50627615 178660.528271216Vegsperring nær kryss, vegreferanse PG98152 hp  m1
FEIL: 6610313.12637 104326.47754Vegsperring nær kryss, vegreferanse KG169 hp  m0
