FEIL: 6497493.5 133823.9Vegsperring nær kryss, vegreferanse PV97091 hp  m17
FEIL: 6528313.10020929 145002.599470847Vegsperring nær kryss, vegreferanse KV202 hp  m482
