FEIL: 6650436.282285 287962.117681466 Mangler feltkode K ved skilt 508.1 - Kollektivfelt, for buss, vegreferanse FV278 hp 1 m928
FEIL: 6638238.7370118 267008.66162719 Mangler feltkode K ved skilt 508.1 - Kollektivfelt, for buss, vegreferanse EV6 hp 5 m9687
FEIL: 6656920.04407478 272913.859594755 Mangler feltkode K ved skilt 508.2 - Kollektivfelt for buss og drosje, vegreferanse RV4 hp 1 m803
